5
5
COMPRO1
BASICON
DASALGO
BACONRY
SABAW01
Clarisse Poblete
11321792
F
97
90
100
3.5
66
55
66
3
60
60
60
1
60
60
60
1.0
60
60
60
1.0
Austin Fernandez
11323604
M
66
55
66
3
66
55
66
3
95
95
95
4
60
60
60
1.0
60
60
60
1.0
Joseph John Andresuu
11330236
butttoad
60
60
60
1
60
60
60
1
60
60
60
1
60
60
60
1.0
60
60
60
1.0
Jonah Syfu
11336579
M
60
60
60
1
60
60
60
1
60
60
60
1
60
60
60
1.0
60
60
60
1.0
Mark Saint Peter
11336617
hermaphrodite
90
90
90
3.5
80
80
80
2.5
98
98
99
4
60
60
60
1.0
60
60
60
1.0